"R2","RMSE","MAE","Bootstrap_Sample"
0.130681862978347,0.978195171659456,0.0666875278508996,1
0.130474693943699,0.977349872979734,0.0671878472337427,2
0.181906829913227,0.971004604177851,0.0811393757180218,3
0.152486922070192,0.974453711203789,0.0789400836457636,4
0.168484605363966,0.967932167709015,0.0797940062231335,5
0.177953702875225,0.97173621821556,0.0752155567312001,6
0.155009088951002,0.979035204985924,0.0717941314939408,7
0.143328426244868,0.980508516599122,0.0707971499482465,8
0.156650942298776,0.973447942437798,0.0777270520140616,9
0.170566726455337,0.970632103831096,0.0799318224565992,10
0.164886941783134,0.965018608271652,0.0787126036764487,11
0.1573982911484,0.976340527256097,0.0715778392526035,12
0.176113574100253,0.968405367159263,0.0782704644731357,13
0.170564179262738,0.972614158589611,0.0751044493541995,14
0.16329847592276,0.97037444857438,0.0719160453111394,15
0.149868310030455,0.983271682138045,0.070802307925118,16
0.165043301552706,0.976548072062732,0.0742627813440827,17
0.165991106147739,0.972817043592694,0.0796317883221371,18
0.14423655181744,0.973548375007743,0.0713888821830148,19
0.166602332254108,0.965508800430661,0.0745012345961704,20
