"R2","RMSE","MAE","Bootstrap_Sample"
0.628544405902443,0.684631427423432,0.2745880114926,1
0.446600097739013,0.737569844867856,0.234788008458138,2
0.431777901688678,0.75729358292219,0.231328306012759,3
0.457745609554605,0.765345520347295,0.243795074374618,4
0.598257730941319,0.682373423645461,0.274373294542612,5
0.542708253715662,0.691302020576113,0.255301736180774,6
0.504567350947874,0.707775465363761,0.23782566336127,7
0.372591959213672,0.792542808667345,0.21653752516927,8
0.57540144558224,0.682070712890854,0.262776914766389,9
0.609753110508313,0.661222792917248,0.269204866569314,10
0.539762194487316,0.706528753504891,0.25361905598051,11
0.569861183576627,0.702241192947613,0.255474533406742,12
0.537595391684789,0.689305924863999,0.249574511998651,13
0.676585405392907,0.656616311827868,0.291161369494586,14
0.522277494245282,0.692764552071329,0.248208122787044,15
0.486777713783232,0.739993909842369,0.241795299537304,16
0.567855415552035,0.678402692844138,0.251111559354551,17
0.581576471042775,0.68492392093229,0.266256970066475,18
0.551285433721718,0.716684414833565,0.257901695168046,19
0.590053928947214,0.691243697294567,0.273327003874053,20
