"R2","RMSE","MAE","Bootstrap_Sample"
0,0.884939815839193,0.524887361773211,1
0,0.866903616125851,0.516830161290672,2
0,1.06823706325013,0.591914267980751,3
0,0.953996939984738,0.569358938380758,4
0,0.94082630886208,0.562417004267673,5
0,1.05845817554953,0.587754122045134,6
0,1.07051598040773,0.574518729710503,7
0,1.02658259525596,0.570100315943279,8
0,0.958643602984617,0.54233273730453,9
0,0.995266963105514,0.561823216602895,10
0,0.881568126616285,0.520282329900501,11
0,1.02297084728489,0.573998674183216,12
0,0.99076731807579,0.567632766104223,13
0,1.03065362860844,0.605246112470985,14
0,0.948704913475372,0.571649640852721,15
0,1.15867617944614,0.61329678620877,16
0,1.07768745984165,0.586700939799663,17
0,1.00674277371177,0.595039612350558,18
0,0.886803905177772,0.51768644563458,19
0,0.897047171864627,0.509281479312474,20
