"R2","RMSE","MAE","Bootstrap_Sample"
0.0959054602054119,0.989261075138455,0.0221419480196901,1
0.0902523239079797,0.990403776349482,0.0224555854860607,2
0.0837649361753562,0.994079829472835,0.0224234967797371,3
0.0749234767138091,0.994104960216744,0.0207772694939176,4
0.0924996155242342,0.99100484780142,0.0216857359941118,5
0.0756886004231751,0.995180985080573,0.0221736377809855,6
0.0732585767369199,0.995594998105243,0.0229959419765528,7
0.0646103447820493,0.996242611414737,0.0227305608485048,8
0.081215773585091,0.993589499603129,0.0231706600145267,9
0.0927326364214617,0.991915149262891,0.0238635878774413,10
0.0806083963299643,0.992063496205834,0.0213616894398243,11
0.0675230626639985,0.995867540501227,0.0217325101925618,12
0.0990547085537562,0.991009718009179,0.0235845479935897,13
0.100272581012443,0.991326960941009,0.0244060623386483,14
0.0517890767109117,0.997091675175674,0.0191304435418565,15
0.0613405909084245,0.997417384251853,0.0215292355317314,16
0.0907217894111981,0.993549026873874,0.0249073868279223,17
0.0746746223427609,0.99479306348703,0.0220255066021676,18
0.0702024349865598,0.994645966077099,0.0210587404168872,19
0.090395516594016,0.990342435490536,0.0226382134203868,20
