"R2","RMSE","MAE","Bootstrap_Sample"
0.130456066224566,0.978267930459645,0.0667167762079714,1
0.130316428734757,0.977402691713989,0.0671230904228627,2
0.181724373485372,0.971060496465326,0.0813404210133376,3
0.152342798720099,0.974499429515635,0.0790183379294489,4
0.168337766698413,0.967985684858622,0.0799092506710111,5
0.177743740782129,0.971800511648891,0.0756064891359585,6
0.154812385772695,0.979086578163465,0.0720875608398877,7
0.14310390848881,0.98056810312103,0.0711685160183736,8
0.154673367335847,0.97396744924223,0.0760164881575514,9
0.170365632038083,0.970698840879895,0.0800353435442018,10
0.164725294825705,0.965085258773638,0.0784086761923373,11
0.155657869488931,0.976846553382497,0.071204990596844,12
0.175967809904343,0.968455538851017,0.078966215123238,13
0.170413647973988,0.972660959183175,0.075457507855343,14
0.163142329367687,0.970428659081688,0.0724424700868583,15
0.14960042730529,0.983329773114002,0.0708934478085314,16
0.164843640864107,0.976603077445182,0.0751372677450965,17
0.165857473967038,0.972858549631334,0.0803260489174153,18
0.144087723522823,0.973600313723384,0.0713234437959945,19
0.166421472257855,0.965581799773454,0.0744379859437448,20
