"R2","RMSE","MAE","Bootstrap_Sample"
0.626640441988231,0.6848540387468,0.274599806578589,1
0.44655147294485,0.737611238792263,0.234807053946658,2
0.431745091175806,0.757303233960102,0.231102970239167,3
0.457292804036917,0.765475653574954,0.241662306836738,4
0.597829272565428,0.682568516335462,0.274467844572507,5
0.541325742424798,0.69137020658459,0.254034593585779,6
0.504094506940557,0.708004820652633,0.237923841428196,7
0.372560191657236,0.792554244765598,0.216199151077822,8
0.575293707353736,0.682113164936479,0.26294590737854,9
0.608399990998252,0.661343192511788,0.269502230674975,10
0.538039607117855,0.706769586696921,0.254097096077476,11
0.568419835382353,0.702285093314427,0.254704636554823,12
0.536321319424739,0.689332642955438,0.247972102150467,13
0.676494929807775,0.656645970868836,0.291526080752925,14
0.520976884065235,0.692808993823618,0.245968940180435,15
0.486649818147594,0.740037497316687,0.241566914999564,16
0.566437251327219,0.678473753847036,0.250512172202519,17
0.581533464296423,0.684946217455263,0.26643078765328,18
0.550759047299648,0.71710635534598,0.259674034439347,19
0.588331093643334,0.691384024881801,0.273325038110843,20
