"R2","RMSE","MAE","Bootstrap_Sample"
0,1.11625276317863,0.56916130100128,1
0,0.871763961941506,0.486320116706725,2
0,0.876385964807907,0.488993810848039,3
0,0.9442791495192,0.540677966805056,4
0,1.06108989056257,0.54523367349097,5
0,0.974405566123787,0.532869260669274,6
0,0.932876438288658,0.501694376837645,7
0,0.817982800525781,0.482266690576107,8
0,1.02035982924924,0.533352233522571,9
0,1.04546450855617,0.547213236251584,10
0,0.993595785349766,0.528587173170361,11
0,1.04176301348602,0.540242709411192,12
0,0.96222635895463,0.509795856618461,13
0,1.15449876313578,0.54908142343514,14
0,0.939970460551995,0.502425969490618,15
0,0.95446764436582,0.516500884789033,16
0,0.998949632882972,0.514938908589268,17
0,1.03605392930751,0.542213657149749,18
0,1.03549986011003,0.549934212216727,19
0,1.05904057661329,0.560376106676151,20
