"R2","RMSE","MAE","Bootstrap_Sample"
0.184956401690408,0.974147199118958,0.0811866040466961,1
0.177455619695713,0.960668973736959,0.074293018816699,2
0.144268447936678,0.974457085523726,0.0711598180900298,3
0.159162920330691,0.973090044865378,0.0722234396308046,4
0.185356822538954,0.970302699693434,0.0779259425297807,5
0.174339515670268,0.969440188721457,0.0763738538450728,6
0.161619810896601,0.973076375808446,0.0697169975206081,7
0.14835250185211,0.968588388042431,0.069414746599599,8
0.194782427227637,0.965391523445143,0.0796160047337005,9
0.187161290676005,0.969841027897105,0.0747073444381531,10
0.194725376754852,0.964791287760766,0.0828024239886335,11
0.174256038428425,0.973286311784684,0.0745017152974224,12
0.207664094624956,0.956920505497447,0.0761185695369996,13
0.145655838942802,0.984823924590371,0.0735682576198923,14
0.168839601104026,0.96868256355818,0.0758121758164938,15
0.174440991588374,0.968646421596744,0.0727425258018933,16
0.220096577925432,0.95422565091292,0.0917813831543019,17
0.201063320664183,0.964695189337193,0.0805929326642964,18
0.166801143111565,0.975674510542952,0.0761723382933994,19
0.162495766107782,0.977783433426979,0.0754836403558058,20
