"R2","RMSE","MAE","Bootstrap_Sample"
0.23070961424993,0.939741311505547,0.0895427594736542,1
0.206121825627665,0.948767677480721,0.085737422862484,2
0.240949672540361,0.956501512215873,0.102697130984968,3
0.150424223962508,0.976625308233943,0.0791937940441521,4
0.225707059282696,0.946427508383633,0.093975040262129,5
0.226952034560685,0.960503989442326,0.0885636991193895,6
0.214030518034753,0.965552881826714,0.103450052238371,7
0.234587940667596,0.95767280061188,0.100425562165612,8
0.231889082047395,0.951400716274815,0.0945679882622469,9
0.234665954697586,0.951980229755095,0.0976304557543045,10
0.189505467989179,0.958767289989456,0.0895252478105986,11
0.185549631693537,0.969587494020295,0.0917306562819548,12
0.251886096092029,0.943426633187602,0.100939061426755,13
0.226383768932372,0.956500475946128,0.102758358786638,14
0.132605139154695,0.981354682907444,0.0661653878429406,15
0.161940467873101,0.982155207783948,0.0876428723604335,16
0.233560404435966,0.958137030770865,0.1017566898493,17
0.170224210367613,0.974134553354469,0.0827874970263713,18
0.200689258245024,0.954521394111166,0.0884127709403372,19
0.204855344109505,0.955648487109197,0.0887797787942453,20
