"R2","RMSE","MAE","Bootstrap_Sample"
0.581072440649164,0.767116764688152,0.205859411700502,1
0.389467380024323,0.809238336757622,0.171275822597252,2
0.344031984433037,0.85975576055003,0.158729023338262,3
0.371822024137096,0.848528796518836,0.164702746069658,4
0.490678422205508,0.809175246297267,0.182152883996799,5
0.479301633494005,0.779059416878668,0.185678529674655,6
0.387457253718717,0.836475282762394,0.155289166225597,7
0.311674263643054,0.861004510431955,0.149945267068627,8
0.433102741675633,0.836998543101766,0.178444560772866,9
0.542589359341547,0.755454775979271,0.193633318417793,10
0.408930949337692,0.844681637671096,0.158691224971843,11
0.353318834768003,0.898088493900399,0.152296039662424,12
0.44866822865167,0.802498707651051,0.168822663139971,13
0.56509220134832,0.783788012058512,0.193246707512671,14
0.396684058682985,0.842631544228401,0.167131291168146,15
0.363529455728742,0.861699420960482,0.145732237291833,16
0.52051327652291,0.755116026673807,0.18217554114999,17
0.445327309189602,0.836670582930611,0.178694780411083,18
0.425101082960042,0.853358327935763,0.179120441010875,19
0.401094651971518,0.86574766894156,0.159652882464908,20
